# 20 testcases, partial scoring 
# N		M      		seed 		W
# if W == -1, do not print edges length
# if W == 0, all edges are fiber
# if W == 2, all edges are copper
#ST: 0
5     		10     		-1		0
#ST: 20
5     		20     		8421	0
5     		50     		2781	0
10    		10     		6813	0
1000  		10000		143		0
50000		100000		783		0
50000		100000		3267	0
50000		100000		7632	0
#ST: 40
1000    	5000     	195		2
1000    	5000     	769		2
2000    	3000     	170		2
20000    	40000    	863		2
20000    	400000   	696		2
50000    	1000000    	557		2
50000    	1000000  	188		2
50000    	1000000   	415		2
50000   	1000000   	661		2
#ST: 40
10000  		5000   		31248	1
10000  		10000  		2314	1
10000  		10000  		314		1
10000 		50000  		7843 	1
10000 		50000  		9431	1
50000 		50000  		321		1
50000 		50000  		9821	1
50000 		1000000		543		1
50000 		1000000		4321	1
50000 		60000  		097		1
50000 		49999  		2322	1
