# 40 testcases, partial scoring 
#ST: 0
-1 0
-2 0
#ST: 30
100		100		0	321
100		100		0	4324
1000	1000	0	343
1000	1000	0	5435
10000	10000	0	8784
10000	10000	0	27
100000 	100000	0	543
100000 	100000	0	8754
1000000	100000	0	2421
1000000	100000	0	4324
#ST: 30
100		100 	50 	432
100		100		20 	956
1000	100		50 	64
1000	100		50 	67
10000	100		70 	7843
10000	100		20 	132
100000	100		43 	74332
100000	100		0  	35632
1000000	100		50	3424
1000000	100		0	432432		
1000000 100		100	76432
#ST: 40
1000000	100000	50000	3424
1000000	100000	50000	24
1000000	100000	50000	324
1000000	100000	50000	123
1000000	100000	50000	8965
1000000	100000	100000	34247
1000000	100000	0		126
1000000	100000	200		126
1000000	100000	50000	249
1000000	100000	50000	3249
1000000	100000	50000	1239
