# 40 
# N		K 		seed
#ST: 0
5		3		321
#ST: 10 
# naive
10 		10		89432
10 		7		763243
10 		1		65432
10 		5		9874
10 		4		32
#ST: 30
50 		5		8
100		50		87
100 		10		22
100 		50		8432
100 		10		3276
100 		20		9864
100 		25		8432
#ST: 50
300		20		32165
300		80		8432
400		85		432
400		180		32165
400		190		9845
400		200		432
500		150		3221
500		1		09843
500		145		4326
500		200		4326
500		200		4326
500		145		4326
#ST: 10
800		20		4321
800		200		4321
1000		300		98754
1000		400		287432
1000		350		7453
2000		350		2343
4000		400		86542
4000		800		87234
4000		800		321
4000		800		98234
4000		800		2171
4000		800		2471
4000		800		211
4000		800		25431
4000		800		2231
4000		800		271
4000		800		671
4000		800		2571
4000		800		2521
4000		800		281
4000		800		433
4000		800		432
4000		800		8732

